0	8.786611083333333E7
1	7.720044710000001E7
2	7.95240122E7
3	8.148637046666667E7
4	9.955333133333333E7
5	7.383965456666666E7
6	7.546910310000001E7
7	7.826593213333334E7
8	6.77514817E7
9	6.128891043333334E7
10	5.4353482166666664E7
11	6.136420338181818E7
12	4.4104936E7
13	4.5645984199999996E7
14	4.603527813333335E7
15	5.517039703333333E7
16	5.840900013333335E7
17	6.242815646666667E7
18	6.6095286833333336E7
19	6.5329733166666664E7
20	6.843690246666667E7
21	5.761379673333333E7
22	6.2433518300000004E7
23	6.817538956666666E7
