0	8.786611083333333E7,458456.0,3.476448E8,
1	7.720044710000001E7,515435.2,1.74352E8,
2	7.95240122E7,475456.0,1.666672E8,
3	8.148637046666667E7,612992.0,1.727184E8,
4	9.955333133333333E7,987160.0,1.992392E8,
5	7.383965456666666E7,631944.8,1.497584E8,
6	7.546910310000001E7,573226.4,1.898888E8,
7	7.826593213333334E7,343856.8,2.011896E8,
8	6.77514817E7,334179.2,1.604408E8,
9	6.128891043333334E7,323053.6,1.538848E8,
10	5.4353482166666664E7,278915.2,1.336888E8,
11	6.136420338181818E7,253472.8,2.014176E8,
12	4.4104936E7,245276.0,1.00428E8,
13	4.5645984199999996E7,275508.8,1.194152E8,
14	4.603527813333335E7,307070.4,1.694648E8,
15	5.517039703333333E7,329662.4,1.247064E8,
16	5.840900013333335E7,423468.0,1.231536E8,
17	6.242815646666667E7,400759.2,1.460328E8,
18	6.6095286833333336E7,314324.8,1.794344E8,
19	6.5329733166666664E7,490452.0,1.541856E8,
20	6.843690246666667E7,447330.4,1.75676E8,
21	5.761379673333333E7,433428.8,1.33948E8,
22	6.2433518300000004E7,414815.2,1.526512E8,
23	6.817538956666666E7,430156.0,1.610344E8,
